# Statistics for 4000x4000
# <node-degree> <tc-ideal> <tc-cost-model> <tc-collected> <efficiency-cm> <efficiency-collected> <speed-cm> <speed-coll> <scal-cm> <scal-collected> <bw-ideal> <bw-cost-model> <bw-collected>
1 95.8797729015 106.8812965099 105.2871079445 0.8970678316 0.9106506463 0.8970678316 0.9106506463 1.0000000000 1.0000000000 0.0104297285 0.0093561739 0.0094978390
2 47.9398864508 58.9406046926 58.3482208252 0.8133592572 0.8216169366 1.6267185144 1.6432338732 1.8133729212 1.8044613264 0.0208594570 0.0169662325 0.0171384832
3 31.9599243005 42.9602857517 - 0.7439411480 - 2.2318234440 - 2.4879093479 - 0.0312891855 0.0232773126 -
4 23.9699432254 34.9700919871 35.2134659290 0.6854412403 0.6807038896 2.7417649612 2.7228155585 3.0563630359 2.9899671948 0.0417189140 0.0285958642 0.0283982270
5 19.1759545803 30.1759581956 30.6353340149 0.6354712734 0.6259424027 3.1773563670 3.1297120134 3.5419354646 3.4367866821 0.0521486425 0.0331389643 0.0326420466
6 15.9799621503 26.9798586229 - 0.5922922864 - 3.5537537183 - 3.9615217412 - 0.0625783710 0.0370646864 -
7 13.6971104145 24.6969236159 - 0.5546079596 - 3.8822557171 - 4.3277170134 - 0.0730080995 0.0404908731 -
8 11.9849716127 22.9847176911 22.8222448826 0.5214321870 0.5251442912 4.1714574958 4.2011543297 4.6501026441 4.6133545795 0.0834378280 0.0435071691 0.0438168990
9 10.6533081002 21.6529985796 - 0.4920015148 - 4.4280136328 - 4.9360967774 - 0.0938675565 0.0461829800 -
10 9.5879772902 20.5876207345 20.3144469261 0.4657156557 0.4719782589 4.6571565572 4.7197825887 5.1915322265 5.1828685431 0.1042972850 0.0485728785 0.0492260510
11 8.7163429910 19.7159459698 - 0.4420961086 - 4.8630571948 - 5.4210585013 - 0.1147270135 0.0507203662 -
12 7.9899810751 18.9895487582 - 0.4207567635 - 5.0490811616 - 5.6284273982 - 0.1251567420 0.0526605457 -
13 7.3753671463 18.3749036890 - 0.4013826288 - 5.2179741741 - 5.8166996856 - 0.1355864705 0.0544220540 -
14 6.8485552073 17.8480640087 - 0.3837141778 - 5.3719984899 - 5.9883971986 - 0.1460161990 0.0560284858 -
15 6.3919848601 17.3914687428 - 0.3675356552 - 5.5130348287 - 6.1456164566 - 0.1564459275 0.0574994565 -
16 5.9924858063 16.9919471447 16.9860851765 0.3526662221 0.3527879287 5.6426595543 5.6446068594 6.2901146996 6.1984328261 0.1668756560 0.0588514072 0.0588717170
