# Statistics for 3000x3000
# <node-degree> <tc-ideal> <tc-cost-model> <tc-collected> <efficiency-cm> <efficiency-collected> <speed-cm> <speed-coll> <scal-cm> <scal-collected> <bw-ideal> <bw-cost-model> <bw-collected>
1 61.9225819111 68.1114545084 62.1467659473 0.9091360970 0.9963926677 0.9091360970 0.9963926677 1.0000000000 1.0000000000 0.0161491974 0.0146818183 0.0160909419
2 30.9612909556 37.1495595279 36.0049271584 0.8334228279 0.8599181667 1.6668456557 1.7198363335 1.8334390871 1.7260628156 0.0322983948 0.0269182196 0.0277739765
3 20.6408606370 26.8288616164 - 0.7693528310 - 2.3080584930 - 2.5387381501 - 0.0484475923 0.0372732923 -
4 15.4806454778 21.6684869400 21.2399849892 0.7144313085 0.7288444641 2.8577252340 2.9153778566 3.1433415124 2.9259326680 0.0645967897 0.0461499690 0.0470810126
5 12.3845163822 18.5722489846 18.1891689301 0.6668291165 0.6808731300 3.3341455826 3.4043656502 3.6673778477 3.4166907892 0.0807459871 0.0538437752 0.0549777730
6 10.3204303185 16.5080825639 16.4093370438 0.6251743822 0.6289364580 3.7510462933 3.7736187480 4.1259458356 3.7872807281 0.0968951845 0.0605763871 0.0609409141
7 8.8460831302 15.0336729221 - 0.5884179585 - 4.1189257098 - 4.5305930800 - 0.1130443819 0.0665173444 -
8 7.7403227389 13.9278621886 13.3123631477 0.5557437770 0.5814386712 4.4459502164 4.6515093695 4.8903021574 4.6683496580 0.1291935794 0.0717985278 0.0751181431
9 6.8802868790 13.0677846295 - 0.5265075201 - 4.7385676813 - 5.2121653700 - 0.1453427768 0.0765240650 -
10 6.1922581911 12.3797206653 11.8900120258 0.5001936925 0.5207949477 5.0019369245 5.2079494770 5.5018571379 5.2268042970 0.1614919742 0.0807772669 0.0841042043
11 5.6293256283 11.8167577533 - 0.4763849565 - 5.2402345215 - 5.7639714658 - 0.1776411716 0.0846255818 -
12 5.1602151593 11.3476208125 11.0889959335 0.4547398300 0.4653455723 5.4568779601 5.5841468680 6.0022674033 5.6043636701 0.1937903690 0.0881241995 0.0901794902
13 4.7632755316 10.9506578296 - 0.4349762001 - 5.6546906017 - 6.2198504938 - 0.2099395665 0.0913187149 -
14 4.4230415651 10.6104030571 - 0.4168589583 - 5.8360254156 - 6.4193088747 - 0.2260887639 0.0942471266 -
15 4.1281721274 10.3155149304 10.3934650421 0.4001906018 0.3971892060 6.0028590263 5.9578380896 6.6028167249 5.9794078005 0.2422379613 0.0969413555 0.0962143035
16 3.8701613694 10.0574872641 10.4277060032 0.3848040040 0.3711421638 6.1568640640 5.9382746207 6.7722138462 5.9597735042 0.2583871587 0.0994284133 0.0958983692
