# Statistics for 6000x6000
# <node-degree> <tc-ideal> <tc-cost-model> <tc-collected> <efficiency-cm> <efficiency-collected> <speed-cm> <speed-coll> <scal-cm> <scal-collected> <bw-ideal> <bw-cost-model> <bw-collected>
1 206.7256488800 231.4770147288 236.1578409672 0.8930720362 0.8753706760 0.8930720362 0.8753706760 1.0000000000 1.0000000000 0.0048373291 0.0043200834 0.0042344561
2 103.3628244400 128.1129822390 132.4227020741 0.8068099160 0.7805521472 1.6136198320 1.5611042944 1.8068193456 1.7833637078 0.0096746582 0.0078056102 0.0075515753
3 68.9085496267 93.6581722397 96.5607550144 0.7357451889 0.7136289439 2.2072355667 2.1408868318 2.4715089905 2.4456917402 0.0145119873 0.0106771249 0.0103561742
4 51.6814122200 76.4307157987 79.3932199478 0.6761864216 0.6509549840 2.7047456866 2.6038199360 3.0285862472 2.9745341116 0.0193493165 0.0130837451 0.0125955340
5 41.3451297760 66.0942156351 68.7341182232 0.6255483839 0.6015226622 3.1277419195 3.0076133109 3.5022280317 3.4358168414 0.0241866456 0.0151299170 0.0145488154
6 34.4542748133 59.2031999585 63.0195581913 0.5819664281 0.5467235221 3.4917985687 3.2803411324 3.9098733665 3.7473737955 0.0290239747 0.0168909789 0.0158680897
7 29.5322355543 54.2810357926 - 0.5440617542 - 3.8084322796 - 4.2644177907 - 0.0338613038 0.0184226403 -
8 25.8407061100 50.5894056638 51.0023219585 0.5107928384 0.5066574446 4.0863427069 4.0532595565 4.5756025731 4.6303350887 0.0386986329 0.0197669845 0.0196069505
9 22.9695165422 47.7181326976 - 0.4813582436 - 4.3322241922 - 4.8509235723 - 0.0435359620 0.0209563942 -
10 20.6725648880 45.4211104908 45.4784460068 0.4551312080 0.4545574157 4.5513120804 4.5455741572 5.0962429634 5.1927420944 0.0483732911 0.0220161944 0.0219884382
11 18.7932408073 43.5417257116 - 0.4316145146 - 4.7477596605 - 5.3162113110 - 0.0532106203 0.0229664760 -
12 17.2271374067 41.9755693675 42.9005050659 0.4104086655 0.4015602469 4.9249039857 4.8187229629 5.5145652154 5.5047799695 0.0580479494 0.0238233814 0.0233097489
13 15.9019729908 40.6503582410 - 0.3911890000 - 5.0854570003 - 5.6943413231 - 0.0628852785 0.0246000292 -
14 14.7661177771 39.5144614155 - 0.3736889546 - 5.2316453641 - 5.8580328932 - 0.0677226076 0.0253071904 -
15 13.7817099253 38.5300161857 - 0.3576876236 - 5.3653143535 - 6.0077061378 - 0.0725599367 0.0259537913 -
16 12.9203530550 37.6686254987 37.8385479450 0.3430003852 0.3414600654 5.4880061628 5.4633610460 6.1450878991 6.2411972391 0.0773972658 0.0265472920 0.0264280754
