# Statistics for 5000x5000
# <node-degree> <tc-ideal> <tc-cost-model> <tc-collected> <efficiency-cm> <efficiency-collected> <speed-cm> <speed-coll> <scal-cm> <scal-collected> <bw-ideal> <bw-cost-model> <bw-collected>
1 146.5988478661 163.7878692250 167.2222020626 0.8950531475 0.8766709567 0.8950531475 0.8766709567 1.0000000000 1.0000000000 0.0068213360 0.0061054583 0.0059800672
2 73.2994239330 90.4874385838 91.6374499798 0.8100508212 0.7998850246 1.6201016424 1.5997700492 1.8100619466 1.8248238258 0.0136426720 0.0110512577 0.0109125690
3 48.8662826220 66.0538512845 - 0.7397946020 - 2.2193838060 - 2.4796111966 - 0.0204640080 0.0151391627 -
4 36.6497119665 53.8370147670 55.1032249928 0.6807530493 0.6651101087 2.7230121971 2.6604404349 3.0422910693 3.0347080790 0.0272853440 0.0185745812 0.0181477581
5 29.3197695732 46.5068909407 47.5390081406 0.6304392528 0.6167518154 3.1521962638 3.0837590770 3.5217978650 3.5175786918 0.0341066801 0.0215021899 0.0210353568
6 24.4331413110 41.6201287502 - 0.5870510747 - 3.5223064481 - 3.9353042420 - 0.0409280161 0.0240268358 -
7 20.9426925523 38.1295759025 - 0.5492506029 - 3.8447542202 - 4.2955596895 - 0.0477493521 0.0262263604 -
8 18.3248559833 35.5116554297 35.6974570751 0.5160237044 0.5133378533 4.1281896350 4.1067028264 4.6122284992 4.6844289696 0.0545706881 0.0281597686 0.0280131999
9 16.2887608740 33.4754908217 - 0.4865876638 - 4.3792889743 - 4.8927697609 - 0.0613920241 0.0298726016 -
10 14.6598847866 31.8465559405 31.6030290127 0.4603287343 0.4638759399 4.6032873426 4.6387593989 5.1430324061 5.2913346374 0.0682133601 0.0314005697 0.0316425365
11 13.3271679878 30.5137885596 - 0.4367588758 - 4.8043476338 - 5.3676674368 - 0.0750346961 0.0327720695 -
12 12.2165706555 29.4031471078 - 0.4154851387 - 4.9858216649 - 5.5704196773 - 0.0818560321 0.0340099649 -
13 11.2768344512 28.4633719780 - 0.3961875796 - 5.1504385348 - 5.7543382194 - 0.0886773681 0.0351328718 -
14 10.4713462761 27.6578491264 - 0.3786030587 - 5.3004428217 - 5.9219308225 - 0.0954987041 0.0361561015 -
15 9.7732565244 26.9597282263 - 0.3625131694 - 5.4376975404 - 6.0752789439 - 0.1023200402 0.0370923620 -
16 9.1624279916 26.3488715129 27.1574308872 0.3477351198 0.3373819869 5.5637619165 5.3981117903 6.2161246315 6.1575118338 0.1091413762 0.0379522895 0.0368223343
