# Statistics for 4000x4000
# <node-degree> <tc-ideal> <tc-cost-model> <tc-collected> <efficiency-cm> <efficiency-collected> <speedup-cm> <speedup-collected> <scal-cm> <scal-coll> <bw-ideal> <bw-cost-model> <bw-collected>
1 1274.8331911564 1285.8347147648 1386.0492398739 0.9914440608 0.9197603912 0.9914440608 0.9197603912 1.0000000000 1.0000000000 0.0007844164 0.0007777049 0.0007214751
2 637.4165955782 648.4173138200 704.1511330605 0.9830345088 0.9052269685 1.9660690176 1.8104539371 1.9830357508 1.9683973721 0.0015688327 0.0015422167 0.0014201497
3 424.9443970521 435.9447585033 - 0.9747666161 - 2.9242998483 - 2.9495358980 - 0.0023532491 0.0022938686 -
4 318.7082977891 329.7084465508 355.4894700050 0.9666367396 0.8965337223 3.8665469584 3.5861348893 3.8999143887 3.8989881750 0.0031376654 0.0030329827 0.0028130228
5 254.9666382313 265.9666418465 286.6042079926 0.9586414163 0.8896123334 4.7932070816 4.4480616669 4.8345713802 4.8361091750 0.0039220818 0.0037598700 0.0034891323
6 212.4721985261 223.4720949987 - 0.9507773153 - 5.7046638918 - 5.7538938576 - 0.0047064981 0.0044748316 -
7 182.1190273081 193.1188405094 - 0.9430412218 - 6.6012885527 - 6.6582561876 - 0.0054909145 0.0051781587 -
8 159.3541488946 170.3538949729 190.3507759571 0.9354300289 0.8371604901 7.4834402310 6.6972839209 7.5480206365 7.2815528747 0.0062753308 0.0058701329 0.0052534590
9 141.6481323507 152.6478228301 - 0.9279407313 - 8.3514665818 - 8.4235378594 - 0.0070597472 0.0065510269 -
10 127.4833191156 138.4829625600 154.2290370464 0.9205704208 0.8265844199 9.2057042079 8.2658441988 9.2851473639 8.9869538604 0.0078441635 0.0072211049 0.0064838633
11 115.8939264688 126.8935294475 - 0.9133162816 - 10.0464790971 - 10.1331779513 - 0.0086285799 0.0078806225 -
12 106.2360992630 117.2356669461 - 0.9061755866 - 10.8741070390 - 10.9679481361 - 0.0094129962 0.0085298274 -
13 98.0640916274 109.0636281701 - 0.8991456939 - 11.6888940204 - 11.7897665458 - 0.0101974126 0.0091689596 -
14 91.0595136540 102.0590224555 - 0.8922240431 - 12.4911366039 - 12.5989323024 - 0.0109818289 0.0097982518 -
15 84.9888794104 95.9883632932 - 0.8854081526 - 13.2811222884 - 13.3957353855 - 0.0117662453 0.0104179295 -
16 79.6770744473 90.6765357856 99.0791161060 0.8786956158 0.8041762743 14.0591298522 12.8668203882 14.1804569796 13.9893177730 0.0125506616 0.0110282113 0.0100929443
