# Statistics for 3000x3000
# <node-degree> <tc-ideal> <tc-cost-model> <tc-collected> <efficiency-cm> <efficiency-collected> <speedup-cm> <speedup-collected> <scal-cm> <scal-coll> <bw-ideal> <bw-cost-model> <bw-collected>
1 711.2548999786 717.4437725759 768.5506930351 0.9913737176 0.9254495591 0.9913737176 0.9254495591 1.0000000000 1.0000000000 0.0014059657 0.0013938375 0.0013011503
2 355.6274499893 361.8157185616 389.0696969032 0.9828966287 0.9140456140 1.9657932574 1.8280912280 1.9828982981 1.9753547993 0.0028119314 0.0027638379 0.0025702336
3 237.0849666595 243.2729676389 261.2670691013 0.9745635488 0.9074429758 2.9236906463 2.7223289274 2.9491306804 2.9416286395 0.0042178971 0.0041106088 0.0038275011
4 177.8137249946 184.0015664569 197.9516479969 0.9663707131 0.8982684751 3.8654828525 3.5930739005 3.8991177433 3.8825172754 0.0056238628 0.0054347363 0.0050517387
5 142.2509799957 148.4387125981 166.3430581093 0.9583145630 0.8551663148 4.7915728150 4.2758315740 4.8332659319 4.6202751216 0.0070298285 0.0067367871 0.0060116726
6 118.5424833298 124.7301355752 139.4931449890 0.9503916819 0.8498086651 5.7023500912 5.0988519904 5.7519681933 5.5095947051 0.0084357943 0.0080173087 0.0071688111
7 101.6078428541 107.7954326461 - 0.9425987758 - 6.5981914309 - 6.6556045554 - 0.0098417600 0.0092768309 -
8 88.9068624973 95.0944019471 105.2403669357 0.9349326635 0.8447981044 7.4794613081 6.7583848355 7.5445426638 7.3028127458 0.0112477257 0.0105158661 0.0095020573
9 79.0283222198 85.2158199704 - 0.9273902692 - 8.3465124225 - 8.4191382871 - 0.0126536914 0.0117349103 -
10 71.1254899979 77.3129524721 84.8252170086 0.9199686175 0.8384946423 9.1996861746 8.3849464235 9.2797357963 9.0604034996 0.0140596571 0.0129344433 0.0117889471
11 64.6595363617 70.8469684867 - 0.9126648288 - 10.0393131163 - 10.1266686197 - 0.0154656228 0.0141149300 -
12 59.2712416649 65.4586473181 72.6171600819 0.9054761150 0.8162153628 10.8657133797 9.7945843541 10.9602596749 10.5835961110 0.0168715885 0.0152768204 0.0137708497
13 54.7119153830 60.8992976809 - 0.8983997758 - 11.6791970854 - 11.7808217811 - 0.0182775542 0.0164205506 -
14 50.8039214270 56.9912829191 - 0.8914331951 - 12.4800647318 - 12.5886580513 - 0.0196835199 0.0175465431 -
15 47.4169933319 53.6043361349 58.2625229359 0.8845738377 0.8138506701 13.2686075654 12.2077600512 13.3840622663 13.1911673973 0.0210894856 0.0186552072 0.0171636920
16 44.4534312487 50.6407571433 57.1286311150 0.8778192459 0.7781287663 14.0451079348 12.4500602604 14.1673192315 13.4529863229 0.0224954514 0.0197469401 0.0175043578
